15
0.02,7362,478,987
0.04,9503,1134,807,1807,90
0.09,5417,1548,1453,415,2075,292,320
0.09,4350,1552,1772,1350,685,2122,578,427,599
0.04,892,2133,1830,1577,1620,62,2645,1107,956,1240,479
0.04,6645,2943,2565,2556,1777,605,525,2757,1700,1278,2143,1403,207
0.07,9895,3764,2698,2592,2569,1579,1295,959,2774,2452,1595,2500,1970,903,199
0.01,1337,4218,3054,2816,2892,2001,1441,1432,997,3770,3264,1783,3452,2136,1326,202,722
0.09,5945,5091,3079,3327,2982,2345,2343,1433,1288,216,4207,4157,2385,3910,2801,2269,947,1517,455
0.09,9271,5429,3089,3607,3699,2812,2433,1819,1408,915,170,4289,4247,3285,4416,3726,2738,1150,2379,1057,218
0.06,2449,6151,3299,4448,4609,3221,2436,2665,1903,1023,1166,306,4579,4959,3475,4595,4053,3600,1196,3031,2039,1098,343
0.09,7809,6453,4064,5049,5325,3436,3125,2944,2591,1757,2020,360,522,4658,5146,4460,5412,4695,4021,1516,3274,2772,1897,1285,301
0.01,7626,7215,4685,5167,6004,3649,3751,3568,3505,2314,2171,805,648,524,5107,5375,4907,6350,4951,4182,2204,3836,3393,2663,1528,1206,124
0.0,3656,8083,5354,5814,6330,4217,4276,4538,4303,3168,2453,966,1062,1282,113,5140,6052,5289,6928,5333,4813,3133,4411,3506,2734,2065,1272,781,317
0.01,1567,8445,5861,6487,6548,4226,4495,4755,4727,3358,3114,1958,1820,1887,660,121,5157,6478,5690,7036,6001,5377,4097,4702,4298,2846,2956,1980,1295,488,973
