10
0.19916503548424647,42,14,27
0.14069184464313245,4,8,45,28,40
0.2195137570373646,13,32,27,36,5,16,23
0.3908277601096486,28,20,42,17,26,31,29,45,28
0.13216939597354227,3,44,42,5,6,7,12,33,34,1,3
0.0093472428634781,45,33,48,11,43,43,5,27,33,1,1,28,3
0.3556661063692087,38,31,20,8,36,48,29,26,1,31,5,31,9,46,20
0.45401637156757263,18,34,41,31,30,3,11,28,19,37,49,37,27,14,47,1,11
0.25096138828599657,31,46,42,32,40,40,47,46,5,3,42,15,2,11,18,33,42,7,44
0.1678476509147523,22,29,13,17,46,15,33,20,15,20,44,8,47,10,14,26,40,6,14,12,26

